93
231819
179
89
0 0 179 3 112.3
0 1 0 2 24
1 0 0 1 24
1 1 0 1 24
1 2 0 1 24
1 3 0 1 24
1 4 0 1 24
2 0 0 3 24
2 1 179 3 93.2
3 0 179 2 109.5
4 1 179 1 99.7
7 0 179 1 92.1
7 1 179 1 159.2
8 0 179 3 102.4
10 0 179 3 99.4
10 1 179 3 45.1
12 0 179 3 76.9
12 1 179 2 151.6
15 1 179 3 57.1
16 1 179 2 144.2
18 1 179 3 86.7
21 0 179 3 55.7
21 1 179 3 129.5
22 0 179 3 95.7
22 1 179 3 71.8
24 0 179 2 138.2
26 1 179 3 46.5
28 1 179 3 46.9
29 0 179 2 140.6
30 0 179 3 84.4
31 1 179 3 144.9
32 1 179 2 80.7
34 0 179 2 114
34 1 179 2 140
35 1 179 3 145.2
37 0 179 1 73.6
38 1 179 2 181.8
39 0 179 1 117.5
39 1 179 1 125.3
40 1 179 2 98.3
41 0 179 2 108.8
42 0 179 2 76.7
43 0 179 3 172.1
44 0 179 3 62.9
45 1 179 3 86.9
47 0 179 1 155.9
48 0 179 2 78.3
49 0 179 3 86.2
49 1 179 3 112.8
50 0 179 3 136.3
51 0 179 3 113.6
52 0 179 1 140.7
52 1 179 1 143.8
53 0 179 3 41.8
54 0 179 2 140.5
56 1 179 1 130.3
57 0 179 2 143.4
58 0 179 1 68.1
59 0 179 3 121.6
60 1 179 1 115.4
62 1 179 1 116.3
63 1 179 3 99.9
64 1 179 3 105.9
65 1 179 1 139.5
67 0 179 1 71.4
68 0 179 2 102.1
68 1 179 2 128
69 0 179 1 104
69 1 179 1 156.9
72 0 179 1 73.4
72 1 179 1 78.7
73 0 179 2 101.8
73 1 179 3 157.7
74 0 179 3 168.4
75 0 179 1 57.6
75 1 179 1 136.9
79 1 179 1 92
80 1 179 2 145.6
82 1 179 3 78.4
84 0 179 2 142.1
84 1 179 2 160.4
87 1 179 2 78.9
90 0 179 3 118.7
90 1 179 3 77.9
92 0 179 3 34.2
94 0 179 2 121.8
94 1 179 3 82.7
95 1 179 3 175.7
96 0 179 3 73.4
96 1 179 3 76.2
97 0 179 1 120.1
98 0 179 3 147.9
99 1 179 3 117.5
